1	17	51	46	45	44	43	5	6	25	22	14	20	7	32	24	9	8	49	33	29	23	16	15
0.5537749242	-1.107549848	-0.2768874621	1.38443731	1.38443731	-1.107549848	-1.938212235	0.5537749242	-0.2768874621	-1.107549848	1.38443731	0.5537749242	0.5537749242	-0.2768874621	-0.2768874621	-1.107549848	-0.2768874621	1.38443731	0.5537749242	0.5537749242	1.38443731	-1.107549848	-1.107549848	-0.2768874621
1.706269046	0.3852865587	-0.4953684327	-0.4953684327	-0.05504093696	-1.376023424	0.3852865587	1.706269046	0.3852865587	1.706269046	2.146596542	0.3852865587	-0.05504093696	-0.4953684327	-0.4953684327	-0.4953684327	0.8256140545	-0.4953684327	-0.9356959284	-0.9356959284	-0.4953684327	-1.376023424	-0.9356959284	-0.4953684327
0.5112373581	-0.5112373581	-0.5112373581	-0.5112373581	0.5112373581	-0.5112373581	-0.5112373581	1.533712074	0.5112373581	-0.5112373581	3.578661507	0.5112373581	-0.5112373581	-0.5112373581	-0.5112373581	-0.5112373581	-0.5112373581	1.533712074	-0.5112373581	-0.5112373581	-0.5112373581	-0.5112373581	-0.5112373581	-0.5112373581
-0.6854494161	-0.6854494161	-0.6854494161	-0.6854494161	0.02980214853	-0.6854494161	0.02980214853	1.460305278	0.7450537132	1.460305278	2.890808407	0.7450537132	-0.6854494161	-0.6854494161	-0.6854494161	-1.400700981	-0.6854494161	0.02980214853	0.02980214853	0.02980214853	1.460305278	-0.6854494161	-0.6854494161	0.02980214853
1.134284889	-0.8822215805	-0.8822215805	1.134284889	1.134284889	-0.8822215805	-0.8822215805	-0.8822215805	-0.8822215805	-0.8822215805	2.142538124	1.134284889	-0.8822215805	0.1260316544	-0.8822215805	-0.8822215805	-0.8822215805	1.134284889	1.134284889	0.1260316544	1.134284889	-0.8822215805	0.1260316544	0.1260316544
1.528165177	-0.1018776785	-0.1018776785	-0.1018776785	1.528165177	-0.9168991063	-0.1018776785	1.528165177	-0.1018776785	2.343186605	0.7131437493	-0.1018776785	-0.9168991063	-0.9168991063	-0.9168991063	-1.731920534	-0.1018776785	0.7131437493	0.7131437493	-0.1018776785	-0.1018776785	-0.9168991063	-0.9168991063	-0.9168991063
-1.170909206	-1.170909206	-1.170909206	-0.4854989391	0.1999113279	-0.4854989391	-0.4854989391	0.8853215948	-0.4854989391	0.8853215948	2.256142129	0.1999113279	-0.4854989391	-0.4854989391	-0.4854989391	0.1999113279	0.1999113279	0.8853215948	0.8853215948	0.8853215948	2.256142129	-1.170909206	-1.170909206	-0.4854989391
-0.7131437493	-0.7131437493	-1.528165177	-0.7131437493	0.9168991063	0.9168991063	0.1018776785	0.1018776785	0.1018776785	-0.7131437493	1.731920534	1.731920534	0.1018776785	0.9168991063	-0.7131437493	0.1018776785	0.9168991063	0.9168991063	0.1018776785	0.1018776785	-1.528165177	-2.343186605	0.1018776785	0.1018776785
0.6987185035	-0.2329061678	-0.2329061678	-0.2329061678	0.6987185035	-1.164530839	-0.2329061678	0.6987185035	0.6987185035	0.6987185035	1.630343175	0.6987185035	-0.2329061678	-1.164530839	-1.164530839	-0.2329061678	1.630343175	1.630343175	-0.2329061678	0.6987185035	-0.2329061678	-2.096155511	-1.164530839	-1.164530839
1.2230842	-0.6115420998	-1.52885525	0.3057710499	-0.6115420998	-0.6115420998	1.2230842	2.140397349	2.140397349	0.3057710499	-0.6115420998	0.3057710499	-1.52885525	-0.6115420998	0.3057710499	-0.6115420998	-0.6115420998	-0.6115420998	0.3057710499	-0.6115420998	1.2230842	-0.6115420998	-0.6115420998	0.3057710499
-0.2801896156	-0.2801896156	-0.7974627522	-0.7974627522	0.2370835209	-1.314735889	-1.832009025	0.2370835209	-0.2801896156	-0.2801896156	2.306176067	-0.2801896156	0.7543566575	0.7543566575	1.271629794	-1.314735889	-0.7974627522	1.788902931	1.271629794	0.2370835209	0.2370835209	-0.7974627522	0.2370835209	-0.2801896156
1.045614584	0.1161793983	-0.8132557879	1.045614584	0.1161793983	-1.742690974	-1.742690974	0.1161793983	0.1161793983	0.1161793983	1.045614584	1.045614584	0.1161793983	-0.8132557879	1.045614584	-0.8132557879	-0.8132557879	1.045614584	0.1161793983	0.1161793983	1.975049771	-1.742690974	-0.8132557879	0.1161793983
0.2622080286	0.7117075062	0.2622080286	-0.187291449	-0.6367909266	-0.6367909266	0.7117075062	1.610706461	1.610706461	1.161206984	1.610706461	0.7117075062	-2.434788837	-0.6367909266	-0.6367909266	-0.6367909266	0.2622080286	-0.187291449	-0.6367909266	-0.6367909266	0.7117075062	-1.535789882	-0.6367909266	-0.187291449
1.268506416	-1.134979425	-1.936141372	-0.3338174779	-0.3338174779	-1.936141372	0.467344469	1.268506416	-0.3338174779	-0.3338174779	2.069668363	1.268506416	0.467344469	-0.3338174779	-0.3338174779	1.268506416	-0.3338174779	-0.3338174779	-1.134979425	-0.3338174779	0.467344469	-0.3338174779	0.467344469	0.467344469
-0.8164965809	-0.2041241452	-2.041241452	-1.428869017	-0.2041241452	0.4082482905	1.020620726	0.4082482905	1.632993162	1.020620726	1.020620726	0.4082482905	1.632993162	-0.2041241452	-0.8164965809	-0.2041241452	0.4082482905	-0.8164965809	-1.428869017	0.4082482905	0.4082482905	1.020620726	-0.2041241452	-1.428869017
1.164530839	0.2329061678	-0.6987185035	-0.6987185035	-0.6987185035	0.2329061678	0.2329061678	1.164530839	0.2329061678	0.2329061678	2.096155511	1.164530839	1.164530839	1.164530839	0.2329061678	-1.630343175	0.2329061678	0.2329061678	-0.6987185035	-1.630343175	-0.6987185035	-0.6987185035	-0.6987185035	-1.630343175
1.099965646	0.5260705265	0.5260705265	1.099965646	0.5260705265	0.5260705265	0.5260705265	-0.04782459332	0.5260705265	-1.769509953	-1.769509953	0.5260705265	1.099965646	0.5260705265	-0.04782459332	-2.917300193	-0.04782459332	-0.04782459332	0.5260705265	-1.195614833	-0.04782459332	-0.04782459332	-0.6217197132	0.5260705265
2.027627243	-0.2357706096	-0.2357706096	0.8959283165	-0.2357706096	-1.367469536	0.8959283165	-0.2357706096	-1.367469536	0.8959283165	0.8959283165	2.027627243	-0.2357706096	0.8959283165	-1.367469536	-0.2357706096	-0.2357706096	-1.367469536	0.8959283165	-0.2357706096	-0.2357706096	-1.367469536	-0.2357706096	-0.2357706096
1.076485707	0.3166134434	-1.203131085	1.076485707	1.076485707	-0.4432588207	0.3166134434	0.3166134434	0.3166134434	1.076485707	1.076485707	0.3166134434	-1.203131085	0.3166134434	-0.4432588207	0.3166134434	1.076485707	1.076485707	-0.4432588207	-1.203131085	0.3166134434	-1.203131085	-1.963003349	-1.963003349
1.578262829	0.3757768639	0.3757768639	0.3757768639	-0.2254661184	-1.427952083	0.3757768639	-1.427952083	-0.8267091007	-0.2254661184	1.578262829	1.578262829	0.9770198462	0.9770198462	0.9770198462	-0.8267091007	0.3757768639	0.3757768639	-0.2254661184	-1.427952083	-1.427952083	-1.427952083	-0.2254661184	-0.2254661184
1.882558142	-0.5378737548	-1.344684387	0.2689368774	1.882558142	-1.344684387	-0.5378737548	0.2689368774	-0.5378737548	0.2689368774	1.07574751	-0.5378737548	-1.344684387	1.07574751	0.2689368774	-1.344684387	1.07574751	1.07574751	0.2689368774	0.2689368774	-0.5378737548	-1.344684387	-0.5378737548	0.2689368774
0.727142099	-0.3635710495	-0.3635710495	-0.3635710495	-0.3635710495	-0.3635710495	-0.3635710495	0.727142099	-0.3635710495	0.727142099	1.817855248	0.727142099	0.727142099	0.727142099	0.727142099	-0.3635710495	-0.3635710495	-0.3635710495	-0.3635710495	0.727142099	0.727142099	-3.635710495	-0.3635710495	-0.3635710495
1.188008264	-1.980013774	-1.980013774	0.1320009183	0.1320009183	-0.9240064279	0.1320009183	-0.9240064279	0.1320009183	1.188008264	1.188008264	0.1320009183	0.1320009183	-0.9240064279	1.188008264	-0.9240064279	1.188008264	0.1320009183	0.1320009183	1.188008264	-0.9240064279	-0.9240064279	1.188008264	0.1320009183
